611
611
593
680
683
665
688
618
583
606
614
572
559
657
663
645
571
552
580
621
1262
574
557
561
532
535
589
711
748
1359
583
554
553
561
653
713
750
739
730
739
670
641
595
553
556
633
696
733
747
1332
591
582
571
563
569
611
653
627
566
540
563
627
675
716
2505
529
512
516
563
638
702
729
2500
537
521
535
607
640
658
690
655
624
604
572
565
538
530
521
529
538
542
3822
3400
552
1687
536
549
563
551
1126
568
563
558
539
526
526
534
544
532
523
531
532
562
538
520
528
527
528
532
563
567
547
522
518
509
510
505
494
488
482
956
476
469
461
460
464
463
467
488
525
496
490
494
512
547
552
524
512
532
536
510
496
493
486
491
511
535
521
519
537
552
580
567
538
516
513
514
498
493
519
551
533
520
524
541
521
508
515
519
513
530
533
527
534
550
547
559
547
558
530
524
528
527
518
520
509
501
508
1063
560
1159
529
524
1082
525
506
525
541
532
509
503
531
563
571
550
554
577
601
587
546
548
550
540
523
513
541
571
565
552
554
596
607
562
554
573
576
553
536
539
548
534
517
524
524
514
521
531
546
525
522
521
510
499
496
499
501
486
500
499
495
479
478
481
481
469
470
477
484
485
496
515
510
497
500
491
487
476
475
478
475
472
473
485
479
476
975
479
475
479
489
469
465
937
459
457
462
461
463
456
460
470
462
456
457
458
457
466
479
462
455
457
466
458
449
459
467
474
461
470
477
473
458
456
466
464
451
450
453
444
440
443
441
440
449
458
456
438
439
450
450
436
438
436
434
434
439
449
464
449
457
463
457
461
471
463
447
441
444
443
442
433
431
431
431
433
428
427
424
424
427
422
426
431
434
438
438
433
436
440
438
438
440
443
441
434
430
430
433
437
445
458
467
459
452
453
466
468
462
466
465
461
460
463
473
481
477
467
479
510
545
563
521
493
509
521
550
541
503
508
509
524
518
498
479
468
465
469
473
475
489
502
499
505
511
518
517
489
488
494
496
485
480
490
496
482
485
492
507
493
488
487
475
456
455
454
463
459
460
461
467
470
460
459
469
477
475
483
479
461
447
459
482
504
489
498
543
576
550
538
556
560
544
521
1117
543
534
565
561
532
521
524
519
519
541
549
546
534
502
483
480
496
513
510
512
539
579
577
527
521
540
572
553
518
495
490
521
600
675
690
677
605
585
601
660
737
643
577
569
567
545
519
524
540
545
524
534
545
529
496
488
497
520
495
475
475
480
489
487
480
490
498
480
468
459
455
473
470
463
479
491
468
451
446
445
451
445
445
445
444
439
436
437
436
433
434
436
435
427
429
429
428
433
427
424
425
432
437
436
432
433
442
438
440
455
479
486
461
461
462
453
444
436
431
431
437
439
434
434
439
438
434
435
443
453
446
436
438
447
452
444
438
441
441
443
442
443
439
433
430
436
429
431
878
438
431
436
892
438
439
439
445
439
434
893
445
453
460
479
464
1348
438
439
442
434
436
441
450
453
439
438
438
440
442
444
449
446
444
448
456
462
456
457
472
472
465
458
469
489
498
489
503
517
502
479
477
478
480
472
468
476
477
472
475
501
529
545
521
520
530
508
486
485
491
503
478
467
471
497
504
499
509
519
495
472
475
491
480
482
487
494
491
467
465
474
470
458
471
498
530
552
554
532
519
526
517
491
494