571
554
551
560
556
545
536
532
548
572
567
567
561
547
556
557
556
552
546
548
556
554
551
540
533
525
531
554
597
635
630
597
597
572
568
597
628
642
652
657
616
620
604
597
577
582
613
646
737
711
718
708
668
622
611
605
623
623
688
733
703
660
641
622
612
609
611
597
615
664
654
678
667
644
624
597
567
561
572
571
607
672
668
677
643
617
609
597
619
606
583
563
580
640
663
678
639
640
629
644
609
598
567
583
612
597
608
574
568
553
562
542
525
519
534
546
533
531
521
529
518
519
513
517
516
516
514
505
504
498
532
532
558
561
545
534
548
546
557
557
545
543
538
531
523
523
522
524
516
513
512
505
504
504
503
512
546
529
520
516
518
519
511
511
507
501
496
490
501
514
513
513
504
501
500
513
507
508
505
515
517
507
505
505
502
499
487
480
479
481
482
478
467
469
470
472
470
464
459
458
459
454
453
447
450
452
451
448
448
450
447
444
441
446
449
454
450
449
453
459
468
465
461
468
487
488
483
479
478
491
490
486
476
478
474
476
469
467
471
476
484
478
471
470
477
483
489
482
479
486
494
490
488
481
480
483
479
479
484
484
475
472
469
474
484
486
482
475
477
489
488
491
490
484
481
493
490
495
491
482
492
501
503
511
500
489
481
478
483
481
483
479
477
478
479
486
482
482
477
482
482
491
490
493
489
492
500
510
505
518
501
491
508
509
519
517
524
516
510
512
510
503
513
512
520
519
510
513
530
531
523
520
523
521
528
530
521
523
537
531
533
538
551
565
564
549
560
578
577
566
556
545
531
529
546
542
537
534
526
525
538
575
569
567
545
557
578
564
560
542
539
542
543
533
521
509
507
511
519
516
508
498
507
505
500
508
500
490
503
507
498
489
486
479
475
473
476
477
476
469
463
456
458
458
460
460
458
458
450
443
451
453
449
452
442
437
441
440
441
436
437
435
433
436
443
445
436
438
440
438
438
444
441
438
437
439
438
435
433
432
434
433
439
429
430
428
434
429
433
428
429
431
436
439
427
430
436
442
451
449
441
439
440
437
434
433
438
435
438
443
438
441
438
441
446
447
445
449
446
445
446
446
452
448
455
451
454
450
455
463
462
449
452
457
462
458
450
456
463
465
451
451
453
470
553
548
517
510
504
491
481
484
488
498
492
496
504
496
491
485
493
491
486
486
479
479
484
487
489
490
482
481
479
478
480
479
478
472
473
467
474
472
470
463
457
462
469
472
478
491
483
472
455
452
446
442
439
436
439
439
431
429
433
440
439
428
427
429
431
420
419
421
432
430
433
424
420
417
417
420
416
413
416
420
426
420
420
415
411
409
414
418
415
408
407
405
409
416
423
415
412
413
424
424
422
415
415
421
425
431
437
438
429
427
420
414
410
406
405
406
410
407
405
399
399
398
402
396
394
395
396
398
394
389
394
394
392
392
391
388
394
390
387
388
391
390
388
384
385
385
390
386
381
381
385
387
387
385
381
382
383
384
384
384
382
380
382
384
384
385
388
384
383
382
385
389
387
384
383
382
384
382
383
378
380
377
377
376
380
381
379
380
383
382
387
382
383
380
383
383
382
378
380
385
382
380
377
378
381
379
376
377
376
376
380
380
377
378
382
380
382
379
382
381
378
376
377
379
377
374
374
374
378
381
378
376
376
379
379
381
380
378
381
382
386
383
380
383
382
385
380
379
381
380
380
379
380
382
381
385
384
382
381
384
384
381
382
383
383
384
381
380
381
383
380
379
381
380
382
379
380
379
384
380
378
375
379
376
375
374
375
372
377
370
372
370
372
371
369
367
368
371
371
369
364
367
367
369
367
367
368
368
373
368
367
367
369
374
377
373
373
375
379
373
371
371
371
369
368
367
369
367
367
364
368
369
367
368
366
365
366
369
374
372
374
372
373
377
378
380
382
379
379
380
380
385
386
388
385
385
388
388
389
390
393
389
391
392
394
398
403
400
403
407
414
416
416
415
419
422
424
422
430
433
435
434
425
422
421
425
428
424
425
415
414
413
415
417
420
414
420
418
415
411
415
415
420
420
418
424
432
434
437
430
431
437
438
438
448
438
433
426
425
420
422
417
418
411
405
406
409
414
416
416
412
414
421
429
431
429
420
418
421
422
423
416
414
414
417
420
428
427
426
424
422
420
421
428
437
437
428
433
431
436
433
432
429
425
422
422
425
426
422
424
431
438
434
429
439
438
442
439
430
433
431
427
421
417
423
431
431
423
417
417
422
424
434
434
425
429
426
425
419
415
415
421
423
421
423
417
414
420
427
436
440
438
432
428
427
424
420
419
421
426
423
424
419
419
422
423
421
422
432
434
440
438
427
423
426
432
435
434
433
425
423
423
423
417
418
416
424
422
416
414
416
421
422
422
421
420
423
422
422
418
415
417
421
417
419
417
415
414
423
428
438
432
424
421
422
421
428
425
422
422
426
431
427
427
423
425
429
431
436
438
432
431
432
428
429
427
428
430
433
430
425
423
423
433
446
448
440
435
437
432
431
425
425
431
430
431
426
424
427
429
433
430
423
422
419
424
429
439
443
430
429
428
428
428
425
424
427
431
431
433
426
424
427
433
436
445
439
435
438
439
441
441
435
432
432
429
434
429
429
430
432
432
431
426
429
436
437
440
438
436
446
443
438
438
434
433
436
438
437
432
435
434
435
431
428
426
439
458
455
446
438
434
437
440
441
435
432
438
440
441
436
428
427
427
433
434
430
427
430
432
429
425
422
425
434
437
438
431
426
422
425
424
423
421
425
426
426
420
417
419
420
422
417
416
417
417
420
414
412
416
421
419
424
421
420
420
422
424
425
419
418
422
419
416
415
416
417
416
420
427
428
431
425
426
429
434
438
438
432
432
439
439
442
439