785
789
793
810
819
828
846
859
855
861
844
796
762
747
745
755
769
787
822
846
861
863
818
749
734
733
738
780
823
843
859
864
819
765
756
746
747
786
831
847
857
836
797
765
768
779
805
840
844
825
788
738
729
715
715
725
732
750
761
746
716
697
695
696
722
747
781
793
788
775
761
729
716
707
708
718
733
775
791
788
779
761
758
753
759
763
770
786
773
767
766
771
779
788
797
814
831
817
796
769
773
788
809
824
833
814
798
782
751
753
749
743
753
750
763
759
750
785
790
788
784
777
794
795
782
774
763
744
717
703
713
717
725
749
756
746
719
722
719
715
705
701
668
675
683
688
712
729
705
745
754
767
752
702
716
714
724
733
702
750
772
777
816
836
828
774
821
831
844
854
848
794
800
796
780
750
706
702
702
711
721
728
711
719
765
781
801
807
775
774
788
796
805
789
778
794
807
824
806
833
842
840
819
831
832
816
770
768
771
777
788
792
782
742
748
743
732
734
732
729
716
679
661
627
623
628
640
672
723
764
821
859
893
865
900
901
858
816
830
818
788
747
776
811
814
815
773
766
781
773
696
698
717
704
702
655
645
639
638
640
630
611
607
610
598
609
607
604
595
593
598
606
610
608
596
596
598
599
589
573
566
566
566
570
583
588
578
570
567
570
581
591
582
572
573
572
573
581
594
604
607
596
590
595
588
580
593
593
591
582
576
569
568
566
568
566
568
564
574
576
583
589
595
590
586
591
600
590
576
561
560
563
556
551
544
549
555
560
563
566
582
594
601
597
598
603
603
591
588
598
603
603
590
588
608
610
604
603
587
605
607
594
582
581
583
583
576
574
583
594
587
586
600
606
612
606
594
615
620
616
609
613
624
623
615
596
582
598
606
613
611
597
583
573
583
594
617
642
668
684
678
650
639
636
643
646
635
629
656
672
701
721
726
721
694
691
706
718
730
716
689
712
735
684
667
701
712
714
685
717
737
732
735
753
771
780
773
755
744
716
667
668
690
728
738
694
660
684
695
725
673
687
697
706
678
700
745
718
688
701
723
734
704
670
687
719
721
720
669
667
698
691
640
641
654
654
665
661
647
661
642
632
629
640
632
632
633
645
660
659
682
696
707
714
692
688
683
660
658
664
674
664
660
681
708
725
738
742
692
719
730
736
729