656
631
609
626
666
718
778
771
782
759
737
713
724
809
869
799
768
739
743
851
867
786
743
740
761
822
822
781
748
746
762
788
809
790
753
726
717
756
804
847
851
817
761
723
708
742
844
861
873
848
775
741
723
753
793
819
813
802
776
781
767
772
774
773
781
739
720
694
703
694
724
722
749
735
724
730
761
749
699
688
691
716
711
703
699
725
782
750
777
802
795
739
729
740
748
767
811
827
835
812
780
713
706
719
790
844
836
784
747
749
713
734
738
766
754
704
697
696
723
776
788
754
771
780
769
735
712
729
747
725
729
735
771
787
760
772
737
684
738
767
728
741
759
820
784
752
735
747
726
695
701
740
788
758
774
830
861
863
875
803
795
831
838
769
775
797
760
740
752
765
767
758
745
732
692
682
681
655
673
658
678
636
626
629
651
649
640
645
653
648
626
625
629
641
608
599
593
596
588
572
580
577
630
636
647
684
696
643
612
605
624
622
613
617
638
648
613
603
619
648
618
611
612
623
599
585
581
583
587
560
553
559
573
580
572
557
559
565
561
555
553
557
554
552
537
536
537
537
537
545
559
565
594
578
568
569
597
605
595
597
626
627
591
580
602
643
615
604
602
620
598
600
591
601
611
631
646
636
652
708
661
624
646
656
627
606
612
613
603
599
611
632
647
611
602
593
579
567
564
572
569
588
575
574
572
578
571
558
548
539
544
565
572
575
601
649
655
635
618
604
586
592
631
764
677
686
690
680
649
608
618
676
697
672
687
757
735
717
719
752
703
691
707
755
719
690
672
693
680
670
693
774
730
750
798
781
717
692
695
749
729
723
728
741
706
726
789
743
693
720
710
687
643
645
627
622
641
699
742
741
697
653
676
642
655
639
622
594
596
634
721
630
611
596
611
594
591
597
609
605
600
609
598
579
567
576
596
591
569
567
569
577
570
570
583
583
572
563
560
576
599
610
599
587
579
577
574
585
582
572
562
559
584
612
640
629
639
740
765
705
695
698
714
661
666
664
642
637
667
717
701
627
629
623
623
646
615
602
628
694
680
655
653
663
686
718
656
627
585
588
632
684
675
682
720
718
719
727
684
660
661
690