735
763
817
846
833
849
858
844
841
845
840
807
812
816
807
769
722
693
720
783
855
897
914
885
855
829
801
765
724
688
672
673
696
768
829
886
884
871
840
804
785
737
703
682
668
673
698
753
804
828
832
830
804
770
739
717
719
734
771
813
840
835
834
818
801
765
746
734
733
742
769
807
859
896
888
872
843
803
771
730
707
695
705
744
795
810
819
807
794
778
752
729
737
759
799
809
793
797
792
773
767
756
769
770
763
762
750
725
705
686
688
687
682
686
696
733
755
769
790
790
791
733
721
719
728
737
735
735
729
724
716
694
694
697
713
727
755
786
773
771
771
774
773
740
734
718
722
723
728
727
724
694
692
688
692
672
664
670
687
698
726
747
754
762
775
761
756
766
748
721
727
724
716
706
716
724
718
729
738
726
729
719
699
702
687
681
695
693
700
715
730
728
729
739
734
739
747
740
716
718
732
726
733
740
744
738
715
690
696
703
706
717
732
736
754
765
758
745
744
730
703
699
689
680
678
688
698
697
710
733
732
731
740
746
740
718
701
697
691
677
682
687
693
685
696
709
717
721
702
712
727
729
721
719
717
707
707
726
751
745
753
763
756
747
752
750
719
720
721
731
719
730
746
733
738
744
738
735
744
723
711
718
718
718
726
743
740
719
695
678
668
670
674
687
695
675
669
663
670
694
740
772
754
769
774
766
731
695
632
597
588
591
600
596
603
607
600
606
615
617
617
621
628
632
648
646
647
653
645
635
634
633
644
629
631
629
619
605
582
578
565
561
562
568
578
580
582
574
590
609
613
620
629
632
619
619
614
609
603
602
591
581
582
574
586
584
584
571
574
571
569
567
572
585
599
613
612
599
604
612
640
665
675
673
651
658
676
682
687
698
707
701
706
713
720
673
654
646
654
675
681
683
651
628
616
622
637
677
725
748
755
730
681
662
653
649
645
662
674
671
681
688
679
653
625
609
618
637
647
647
636
612
605
607
609
615
629
651
668
637
620
633
650
659
661
638
644
658
658
646
641
640
633
638
645
657
677
701
718
724
730
749
734
723
712
694
668
678
692
717
673
663
645
613
613
620
641
658
679
704
673
666
679
693
697
690
672
641
628
630
631
633
656
683
672
695
704
686
689
700
689
687
698
713
712
708
696
693
696
695
700
686
682
688
679
672
665
649
647
648
656
658
654
650
663
664
655
677
682
678
688
683
664
645
641
639
651
654
653
662
682
691
661
646
663
672
630
622
623
633
658
681
687
668
650
640
660
691
732
710
702
700
682
677
654
644
633
631
613
600
600
617
640
644
665
652
645
671
711
743
704
680
649
614
623
621
632
612
601
610
623
660
675
706
719
729
722
713
704
691
680
681
659
661
663
659
672
684
674
683
687
673
680
682
698
709
692
695
704
674
661
668
677
669
680
697
696
668
674
675
665
670
685
688
666
645
619
615
628
654
680
669
647
648
654
654
652
665
690
720
722
693
694
684
681
680
687
679
650
637
647
657
659
670
658
644
649
671
688
704
722
740
739
737
729
687
675
675
650
651
646
640
641
636
615
608
612
601
607
593
602
577
586
580
566
560
563
558
561