840
833
821
799
786
799
830
852
838
845
850
815
809
738
714
705
720
703
699
718
809
905
931
955
891
843
785
757
718
674
657
655
705
901
997
961
918
909
858
771
716
688
698
745
840
840
819
795
772
734
717
702
691
688
694
716
781
796
756
729
705
727
760
801
823
787
761
734
724
716
727
721
740
783
778
831
819
901
979
953
956
918
894
870
832
803
757
745
727
729
732
720
736
732
740
723
529
1511
659
1297
650
648
650
661
673
675
680
676
675
657
652
650
654
665
676
672
670
687
710
731
746
754
769
730
732
731
736
738
749
775
818
819
774
759
744
706
693
695
714
751
753
759
792
855
853
854
794
793
783
760
771
749
783
800
819
816
816
835
835
839
811
835
850
859
865
823
832
841
815
805
761
729
717
714
760
817
848
848
843
837
803
769
751
750
707
739
776
800
830
836
891
876
871
878
867
835
793
735
712
716
728
744
783
806
799
814
775
777
787
833
825
832
803
805
795
840
829
825
899
979
933
934
868
849
828
776
743
762
783
759
717
732
748
729
787
814
847
810
845
862
814
832
838
802
820
814
811
958
981
934
921
946
895
908
907
864
917
938
897
875
919
951
889
889
879
819
833
845
826
890
897
871
872
842
814
807
785
803
808
857
897
870
876
912
935
918
854
835
814
837
870
878
937
972
939
912
867
828
840
834
818
812
818
866
876
882
932
932
894
875
871
826
835
823
845
827
836
894
907
907
897
884
894
878
810
752
750
739
778
842
912
876
832
748
707
1297
619
603
604
594
592
604
613
633
660
660
656
655
667
652
638
642
649
655
655
666
683
700
741
784
779
789
771
771
817
888
922
888
895
892
872
891
922
904
918
901
886
853
889
896
847
832
852
804
733
782
818
727
732
721
735
738
717
720
700
709
722
720
756
805
827
809
870
803
763