701
702
716
697
688
724
730
737
674
657
721
894
955
873
820
752
679
643
626
603
635
747
826
813
829
839
818
780
721
671
647
685
797
873
826
788
757
726
699
655
637
643
736
797
805
812
787
766
704
661
643
668
693
719
739
748
712
678
653
656
688
702
729
722
719
697
685
684
677
678
686
688
698
723
755
799
759
727
703
743
763
776
731
659
664
671
704
720
739
761
766
756
776
771
751
761
765
764
734
757
784
792
791
770
729
692
709
708
705
735
756
732
790
823
790
806
785
748
747
758
752
692
729
756
783
757
703
743
780
759
709
668
681
708
740
702
735
765
747
769
752
753
782
736
723
702
674
689
688
659
715
649
772
641
693
759
696
786
667
686
702
816
864
868
866
744
688
699
787
813
776
767
751
657
633
612
615
660
694
748
718
663
651
626
608
592
589
617
648
674
698
704
710
716
720
736
684
660
668
705
789
767
718
643
640
648
687
726
729
722
704
694
687
681
667
691
734
697
646
670
741
798
738
683
659
686
722
742
767
787
809
820
764
717
741
745
812
839
793
783
807
768
813
819
735
747
775
747
773
758
709
740
724
736
688
739
689
670
684
640
627
645
666
647
667
649
613
627
636
655
632
658
680
665
689
729
701
723
735
741
718
743
687
697
701
654
635
688
730
670
674
744
699
668
711
704
688
729
689
674
682
666
625
671
681
713
665
681
678
731
682
667
701
713
712
745
802
701
808
788
707
847
696
701
702
793
731
718
822
743
747
781
759
742
767
783
698
692
801
661
727
700
661
845
670
687
670
663
652
690
629
613
638
642
648
658
639
635
683
635
651
653
664
630
617
649
623
596
638
628
688
633
652
654
629
656
657
641
642
653
627
628
643
620
622