763
779
869
893
886
765
882
937
952
830
718
686
768
847
1002
933
835
753
704
708
735
874
1013
974
971
938
903
876
834
799
796
833
815
744
715
722
757
1019
981
997
977
977
931
895
864
854
785
716
692
698
820
1045
944
902
921
902
851
782
730
688
678
683
750
843
954
997
1005
1017
1021
1016
1002
993
972
963
961
917
896
916
942
887
938
938
886
907
898
915
867
895
920
896
972
933
940
962
949
903
910
893
818
790
746
948
1066
966
923
952
977
969
941
867
813
762
726
695
741
978
925
859
808
806
860
953
919
906
886
863
819
761
708
764
864
927
909
911
873
807
852
960
950
951
976
877
892
931
935
889
920
895
878
838
839
869
935
943
934
933
889
848
805
882
929
971
911
879
865
923
969
953
918
838
892
864
915
829
790
802
825
912
922
820
775
790
784
835
768
763
820
818
761
765
777
749
745
706
677
696
731
718
767
796
785
756
750
731
751
710
693
651
637
642
724
694
692
750
838
823
872
891
751
707
716
701
688
684
680
652
631
628
604
597
591
590
591
600
623
608
619
607
620
635
626
615
602
625
651
692
686
679
662
628
612
630
639
611
630
654
668
629
645
647
649
634
629
624
607
604
614
693
805
801
748
737
747
722
741
809
822
863
790
980
803
835
782
886
849
872
1093
966
988
998
985
971
943
882
751
823
1090
951
980
948
1025
1021
1021
1008
962
904
772
743
805
783
765
744
885
776
807
1016
929
846
887
929
856
813
957
970
889
927
948
936
1012
1021
992
984
1069
1056
1056
1071
1035
1016
1074
1069
1094
1052
1027
997
1050
1029
1058
1052
1007
941
811
831
1083
978
1001
1032
1006
976
953
984
963
979
881
833
768
1041
1076
1019
903
823
739
886
951
964
848
775
713
708
721
694
696
827
914
933
904
857
884
842
814
749
785
936
869
720
734
754
754
747
727
751
745
705
694
731
896
785
729
693
681
682
725
677
654
634
655
686
734
688
673
695
690
680
678
666
646
644
625
645
669
653
646
652
679
648
620
615
635
682
717
699
670
665
726
725
839
789
826
799
836
791
749
736
683
694
870
729
710
773
755
712
671
684
872
950
785
707
732
704
686
668
698
719
804
775
843
823
781
779
860
799
754
772
752
722
797
806
964
935
763
764
912
968
865
895
976
915
837
749
681
780
973
953
960
936
891
912
849
727
744
866
929
959
892
850
939
871
840
833
875
897
747
707
679
652
626
626
630
624
621
619
623
650
647
636
662
738
809
873
892
881
818
736
727
661
663
671
715
863
802
952
837
758
735
729
706
677
667
657
639
610
583
574
560
557
545
540
530
537
542
543
548
570
591
566
553
559
571
584
575
1142
571
582
599
611
613
626
655
664
709
724