908
959
945
868
888
915
931
889
816
863
950
1016
995
992
923
880
856
787
791
853
962
1018
970
966
952
956
905
836
859
931
972
963
965
938
918
852
800
782
856
1009
1037
1008
979
958
935
917
900
882
850
817
783
786
807
914
991
986
912
907
898
883
846
838
842
823
792
760
737
725
721
741
775
807
854
894
898
900
907
894
856
851
822
814
801
808
802
814
825
859
891
902
904
900
896
883
851
852
865
821
814
800
781
791
828
826
795
812
812
786
781
821
792
772
752
750
748
775
833
854
867
860
866
876
881
854
877
880
881
906
907
897
895
873
866
882
859
836
852
850
852
860
827
886
905
886
933
915
939
951
904
880
882
817
773
731
701
682
660
665
670
694
668
649
654
670
759
699
675
654
634
622
604
593
591
585
575
570
568
576
596
631
693
694
678
651
639
619
602
591
591
620
703
711
744
802
806
786
747
710
669
636
610
596
581
569
557
553
544
538
535
524
521
521
523
538
551
548
544
548
553
554
553
550
547
540
538
532
525
524
530
551
619
639
687
690
704
756
724
670
649
644
621
607
599
591
591
608
664
653
674
672
686
717
694
688
694
669
669
650
637
641
651
649
665
652
692
708
688
695
695
705
693
691
667
648
623
611
604
600
595
584
571
566
565
581
645
697
681
690
761
803
782
741
708
691
748
739
709
727
726
753
741
743
761
778
800
783
778
781
757
727
730
732
727
738
764
790
812
775
810
822
779
799
820
797
778
804
786
783
829
811
808
815
773
779
786
781
789
753
736
736
730
707
722
727
760
804
772
769
745
727
755
768
748
795
769
734
693
673
660
650
660
643
633
618
604
597
579
579
568
565
564
576
632
613
605
602
600
612
635
657
701
767
876
838
877
875
875
796
798
786
811
902
851
794
970
1017
965
945
937
846
847
869
838
922
992
960
931
911
817
772
850
831
834
792
785
767
810
808
815
842
834
807
814
801
813
804
819
846
857
805
767
746
747
825
944
959
980
993
987
973
929
911
922
910
926
826
847
818
868
820
801
771