791
834
840
851
801
829
845
866
842
812
808
814
769
748
752
730
683
684
666
676
689
700
698
714
691
666
663
715
774
794
805
807
789
783
784
765
746
735
687
671
713
759
806
790
805
799
807
799
786
786
771
714
689
742
810
837
868
890
878
807
736
690
654
692
730
776
753
974
475
712
696
680
722
736
766
775
777
764
745
726
688
659
654
729
778
801
815
821
839
822
779
764
764
771
779
806
830
821
807
814
804
799
782
764
752
738
761
761
768
747
719
731
734
731
716
704
698
700
710
701
696
695
700
738
745
713
696
696
707
710
705
693
709
687
688
742
754
771
755
729
699
687
694
693
678
718
747
741
742
735
734
757
773
748
748
792
799
776
784
771
783
802
779
771
755
719
727
720
728
745
780
762
772
782
812
785
788
808
835
795
791
777
781
756
692
713
709
713
719
783
781
777
766
750
716
740
724
730
730
705
736
761
784
751
792
811
809
797
800
783
737
735
745
751
742
724
766
729
692
749
815
821
828
769
739
713
712
748
773
799
774
762
769
735
775
774
745
725
697
695
703
721
726
776
813
807
776
755
760
733
727
720
724
730
705
703
679
661
678
671
682
683
667
658
638
619
609
599
608
608
609
598
596
589
589
598
605
603
597
604
598
627
640
653
645
634
613
624
633
643
638
626
617
612
625
630
626
630
633
635
633
638
635
650
662
664
678
674
662
646
653
656
652
652
654
659
654
639
635
611
602
580
585
567
567
574
582
590
599
596
601
594
595
604
615
616
618
616
625
628
629
622
619
626
612
608
604
614
627
620
626
617
618
627
632
633
640
641
626
619
636
630
627
621
622
639
634
612
612
638
683
704
702
692
706
736
745
724
732
721
729
706
728
730
738
748
723
725
726
715
725
736
758
792
781
781
767
762
756
734
742
785
798
788
837
828
785
768
778
775
765
776
764
812
815
809
791
766
743
770
799
810
776
780
797
748
703
722
749
747
724
712
693
664
693
726
743
749
764
792
747
689
688
676
681
713
730
726
747
707
741
787
803
747
759
737
723
726
727
724
713
721
753
737
724
730
718
715
697
697
703
702
679
667
668
709
706
682
675
687
717
718
709
722
722
711
687
674
686
670
684
676
659
653
662
646
673
662
662
651
654
666
682
673
671
675
660
648
672
687
651
627
593
584
590
583
594
579
557
551
528
521
516
512
521
522
521
521
540
557
568
578
587
582
584
585
584
590
603
598
609
620
625