582
574
568
562
550
543
540
532
528
521
522
526
534
540
544
565
571
563
558
551
552
568
587
632
888
795
780
741
649
609
594
614
665
714
676
653
711
923
911
842
726
666
620
597
574
560
552
554
565
579
610
624
602
584
573
567
565
561
554
548
541
541
547
555
578
598
590
582
571
572
574
577
567
564
563
568
566
571
580
594
580
574
569
563
551
539
538
540
544
555
561
588
614
604
576
563
551
546
546
540
534
544
553
546
525
518
519
520
517
509
503
495
489
484
484
489
499
508
517
533
555
559
569
563
564
552
543
538
534
540
544
554
559
573
584
567
549
524
520
510
508
508
520
540
565
583
587
577
572
571
560
552
544
541
534
525
521
514
514
512
515
528
548
586
601
606
666
650
610
561
557
565
560
553
551
549
544
540
536
534
529
528
529
542
563
583
579
588
605
619
604
568
560
556
550
531
526
531
531
548
552
545
543
543
543
543
540
552
577
572
574
575
572
549
542
543
549
548
542
532
530
535
527
535
544
558
567
575
586
575
589
590
585
584
587
590
573
564
560
556
551
558
569
580
569
565
561
561
557
548
552
569
567
560
566
585
589
579
588
591
588
572
558
536
532
538
560
584
613
617
627
650
637
622
638
603
584
583
570
567
561
562
558
562
556
570
579
567
556
551
563
555
548
561
563
546
535
533
535
529
540
544
542
556
557
562
568
562
569
575
566
557
554
548
543
529
519
518
507
502
502
507
520
534
577
621
611
619
604
582
585
586
585
569
564
561
551
539
539
534
521
512
511
507
499
497
493
489
490
498
496
509
505
508
516
524
514
505
509
508
517
517
508
513
517
514
506
504
503
503
498
493
496
490
487
485
491
487
490
492
490
491
495
494
488
485
488
486
486
495
510
537
534
568
591
574
564
563
561
543
534
528
515
509
507
504
499
507
518
521
518
520
524
516
521
514
508
514
524
523
522
523
523
525
541
527
531
542
546
553
549
546
537
528
521
521
521
518
515
522
547
574
580
572
580
571
564
552
534
521
516
515
513
511
506
508
512
515
501
507
531
588
606
597
611
578
560
562
542
516
512
509
505
503
504
508
505
511
534
560
598
639
632
641
603
578
559
543
531
530
540
551
563
585
647
665
646
624
595
569
580
610
709
684
588
550
540
544
539
531
529
537
534
538
549
565
560
534
521
520
525
521
516
519
522
521
519
539
572
588
567
545
535
529
521
527
540
544
535
532
546
583
612
612
619
606
575
559
563
568
563
545
537
535
524
520
524
549
560
574
621
624
615
625
582
563
550
543
533
536
536
535
534
527
524
542
558
550
543
534
538
545
539
543
541
535
539
535
528
519
515
507
509
514
512
521
535
547
548
550
546
530
521
523
525
522
516
517
515
516
515
510
513
507
508
500
505
521
538
538
550
569
561
563
554
543
523
514
507
497
490
487
494
497
492
484
481
473
475
477
481
490
500
509
515
511
505
494
499
491
485
493
499
495
489
488
482
488
488
493
508
544
547
552
586
576
564
561
541
526
520
511